listing_id,low,medium,high
7142618,0.566775,0.3730333333333334,0.06019166666666667
7210040,0.266,0.34183068181818177,0.3921693181818182
7174566,0.597,0.272,0.131
7191391,0.366125,0.2982916666666667,0.3355833333333333
7171695,0.9172916666666666,0.07320833333333335,0.0095
7225206,0.7135666666666668,0.2784333333333333,0.008
7200075,0.895,0.0585,0.0465
7145074,0.054049999999999994,0.4950255952380952,0.45092440476190465
7193645,0.4758611111111111,0.3361388888888889,0.188
7147703,0.993,0.0065,0.0005
7182218,0.6675,0.232,0.1005
7132136,0.8578333333333332,0.13766666666666666,0.0045
7130670,0.6311238095238095,0.24254047619047622,0.1263357142857143
7151855,0.6924833333333332,0.2596833333333334,0.04783333333333333
7158358,0.8786666666666666,0.10408333333333333,0.01725
7221001,0.8575833333333334,0.12491666666666668,0.0175
7100305,0.25483333333333336,0.3246625,0.4205041666666666
7096581,0.179725,0.7787083333333332,0.04156666666666666
7177904,0.3654555555555556,0.5537111111111113,0.08083333333333334
7122823,0.22882777777777794,0.5473388888888888,0.2238333333333333
7183502,0.797267857142857,0.171875,0.030857142857142857
7170627,0.3621916666666667,0.5259827380952381,0.11182559523809525
7154826,0.3230833333333334,0.4305,0.24641666666666664
7155276,0.9535,0.0455,0.001
7126641,0.7203916666666667,0.24344166666666672,0.036166666666666666
7096119,0.39198333333333335,0.3725944444444444,0.23542222222222225
7197172,0.845875,0.14129166666666668,0.012833333333333334
7189973,0.6478142857142857,0.2790845238095238,0.07310119047619049
7123008,0.8367166666666667,0.09765714285714286,0.06562619047619048
7146900,0.69,0.20444166666666666,0.10555833333333334
7109717,0.6152083333333334,0.36054166666666665,0.02425
7129938,0.7486666666666667,0.19205,0.05928333333333334
7107178,0.8399583333333334,0.14304166666666665,0.017
7176321,0.81875,0.14075,0.0405
7128745,0.7440833333333332,0.24591666666666667,0.01
7142399,0.19729761904761903,0.7660357142857145,0.03666666666666667
7173397,0.9353833333333331,0.05961666666666667,0.005
7097445,0.18545,0.1667722222222222,0.6477777777777778
7176649,0.8910333333333333,0.10196666666666666,0.007
7217973,0.44819583333333335,0.5083541666666667,0.04345
7181413,0.634075,0.26471212121212123,0.10121287878787877
7131045,0.8511142857142855,0.13288571428571427,0.016
7227600,0.33617142857142857,0.4301580086580087,0.23367056277056278
7152410,0.9338333333333334,0.04516666666666667,0.021
7164630,0.588425,0.35719999999999996,0.054375
7233385,0.8319738095238095,0.1442761904761905,0.02375
7132168,0.5843500000000001,0.32381666666666664,0.09183333333333334
7177475,0.7842916666666667,0.17070833333333335,0.045
7195866,0.9875,0.0105,0.002
7128348,0.9845,0.014,0.0015
7127663,0.4207416666666666,0.4581333333333334,0.121125
7224803,0.878,0.097,0.025
7175018,0.4679166666666667,0.4488333333333333,0.08325
7172595,0.557125,0.36765317460317465,0.07522182539682541
7109912,0.74475,0.175,0.08025
7138297,0.3004166666666666,0.2573666666666667,0.44221666666666676
7092476,0.8890833333333333,0.10041666666666667,0.0105
7089303,0.885,0.10783333333333334,0.007166666666666666
7125155,0.417075,0.5402083333333334,0.04271666666666666
7220062,0.8825499999999998,0.10794999999999999,0.0095
7106449,0.2806,0.3739,0.3455
7128225,0.5565738095238095,0.35480119047619046,0.08862500000000001
7195250,0.9827,0.0173,0.0
7218672,0.5739666666666667,0.34986666666666666,0.07616666666666667
7196783,0.9131666666666667,0.08433333333333333,0.0025
7103890,0.7878166666666667,0.19018333333333337,0.022
7091781,0.89975,0.079,0.02125
7188560,0.9138,0.08070000000000001,0.0055
7158435,0.26341666666666663,0.7140833333333334,0.0225
7174040,0.7193815476190475,0.24241011904761905,0.03820833333333333
7090560,0.39048333333333335,0.3700944444444444,0.23942222222222226
7176342,0.9635,0.0265,0.01
7192962,0.9549166666666666,0.037083333333333336,0.008
7097397,0.9335,0.0545,0.012
7145866,0.808402380952381,0.15959761904761907,0.032
7206754,0.8057833333333333,0.181425,0.012791666666666668
7138175,0.7064166666666667,0.24658333333333332,0.047
7149594,0.9752,0.0243,0.0005
7156633,0.5699851190476191,0.33270059523809525,0.0973142857142857
7105345,0.2908928571428572,0.6968571428571427,0.01225
7213632,0.8006416666666667,0.14413333333333336,0.055224999999999996
7183113,0.8862833333333334,0.10221666666666666,0.0115
7140000,0.2595,0.4493583333333333,0.2911416666666667
7195613,0.5093333333333333,0.4421666666666667,0.0485
7105115,0.265202380952381,0.6986809523809525,0.03611666666666667
7160348,0.8134607142857144,0.15453928571428574,0.032
7160614,0.9755,0.0245,0.0
7092337,0.92,0.075,0.005
7147336,0.972,0.0275,0.0005
7218407,0.6397666666666667,0.26752499999999996,0.09270833333333332
7153777,0.3060083333333334,0.2150238095238095,0.47896785714285717
7105692,0.7688416666666666,0.14191666666666666,0.08924166666666668
7182783,0.7918666666666667,0.19913333333333333,0.009
7175581,0.6869571428571428,0.2850761904761906,0.027966666666666667
7178664,0.36475,0.4800269841269842,0.1552230158730159
7211063,0.05429761904761904,0.05171488095238096,0.8939875
7224728,0.7827166666666665,0.17628333333333335,0.040999999999999995
7102627,0.5003190476190476,0.46325000000000005,0.03643095238095238
7092248,0.34121666666666656,0.34507499999999997,0.3137083333333334
7207732,0.7260916666666667,0.23065833333333333,0.04325
7103067,0.956047619047619,0.041452380952380956,0.0025
7229817,0.7006833333333334,0.2026666666666667,0.09665
7172753,0.3121666666666667,0.6370071428571429,0.050826190476190476
7125988,0.8284503968253968,0.13570793650793653,0.03584166666666667
7091708,0.77175,0.22825,0.0
7120982,0.2224833333333333,0.35590476190476195,0.4216119047619047
7200404,0.6387142857142858,0.28128571428571425,0.08
7134396,0.6499666666666667,0.26361666666666667,0.08641666666666667
7094055,0.6644166666666667,0.26545833333333335,0.070125
7220352,0.6219666666666667,0.25532499999999997,0.12270833333333332
7097260,0.9149166666666666,0.07291666666666667,0.012166666666666668
7132074,0.8289916666666667,0.15400833333333333,0.017
7195758,0.94245,0.056549999999999996,0.001
7218227,0.9494166666666666,0.050083333333333334,0.0005
7191025,0.9925,0.007,0.0005
7152268,0.2274166666666667,0.3701499999999999,0.4024333333333334
7210298,0.8392833333333334,0.11663333333333334,0.044083333333333335
7096221,0.9238619047619049,0.07363809523809524,0.0025
7137429,0.8913333333333333,0.08916666666666666,0.0195
7141582,0.22280119047619049,0.33174047619047614,0.44545833333333335
7125014,0.380375,0.31377499999999997,0.30584999999999996
7204283,0.708125,0.22732738095238095,0.06454761904761905
7129195,0.9645750000000001,0.019925000000000002,0.0155
7208151,0.8894,0.09809999999999999,0.0125
7169433,0.4433333333333333,0.4436666666666667,0.113
7194385,0.9131714285714287,0.07395357142857144,0.012875
7184378,0.7198333333333333,0.24966666666666668,0.0305
7112430,0.4946416666666667,0.33462500000000006,0.17073333333333335
7224419,0.8676333333333334,0.11986666666666668,0.0125
7176557,0.6851369047619047,0.25536309523809525,0.0595
7185501,0.7917000000000001,0.12383333333333332,0.08446666666666666
7205296,0.996,0.003,0.001
7143873,0.97425,0.01925,0.0065
7227106,0.5506166666666666,0.379525,0.06985833333333333
7143808,0.35906666666666665,0.16053452380952382,0.4803988095238096
7123007,0.33644999999999997,0.4368333333333333,0.22671666666666668
7120025,0.29819999999999997,0.5604523809523809,0.14134761904761908
7095934,0.2975416666666667,0.6650833333333334,0.037375
7102526,0.755,0.2055,0.0395
7149561,0.956375,0.043625,0.0
7147321,0.4944595238095238,0.3102833333333333,0.19525714285714288
7163675,0.7192916666666668,0.19495833333333332,0.08575
7203197,0.9083666666666668,0.07163333333333333,0.02
7192159,0.9848,0.014199999999999999,0.001
7124635,0.949,0.0485,0.0025
7138513,0.8872666666666666,0.08973333333333333,0.023
7116744,0.49479166666666674,0.3777696428571429,0.12743869047619047
7228168,0.979,0.016,0.005
7156739,0.36314166666666664,0.4662261904761904,0.17063214285714287
7233157,0.11253333333333333,0.817538095238095,0.06992857142857145
7091879,0.6342583333333334,0.2934083333333334,0.07233333333333335
7145151,0.596149404761904,0.3606005952380952,0.04325
7230883,0.9061666666666668,0.06533333333333334,0.0285
7188256,0.3476583333333334,0.19523452380952386,0.45710714285714293
7203095,0.98,0.013,0.007
7142105,0.34847500000000003,0.4188083333333333,0.2327166666666667
7210546,0.7070833333333333,0.27091666666666664,0.022
7134026,0.26475,0.3291666666666666,0.4060833333333333
7119521,0.4836999999999999,0.5143000000000001,0.002
7225812,0.45650833333333335,0.5155916666666667,0.027899999999999994
7231536,0.6387083333333332,0.30779166666666663,0.0535
7120399,0.9196666666666666,0.06133333333333334,0.019
7209940,0.5293833333333334,0.4169916666666667,0.053625
7125730,0.5104166666666667,0.4390833333333333,0.0505
7129665,0.9505,0.044,0.0055
7156628,0.4478333333333333,0.4184916666666667,0.13367500000000002
7154533,0.7385083333333333,0.20349166666666665,0.058
7194011,0.8885833333333333,0.042075,0.06934166666666665
7159573,0.4655000000000001,0.3864250000000001,0.148075
7122632,0.8288333333333333,0.15516666666666665,0.016
7199902,0.998,0.002,0.0
7204514,0.6234500000000001,0.24225833333333335,0.1342916666666667
7114559,0.5470499999999999,0.37545,0.0775
7172574,0.7365,0.22583333333333333,0.037666666666666675
7190848,0.6922333333333335,0.24446666666666664,0.0633
7127320,0.040196428571428564,0.9275535714285714,0.03225
7099989,0.8401666666666667,0.14407499999999998,0.015758333333333333
7193209,0.3410107142857142,0.38488928571428566,0.2741
7163387,0.3327075396825397,0.2954547619047619,0.3718376984126985
7192322,0.850375,0.137625,0.012
7181284,0.813,0.1763,0.0107
7138658,0.935,0.0625,0.0025
7094836,0.7841750000000002,0.19832499999999997,0.0175
7228347,0.8250833333333334,0.15933333333333333,0.015583333333333334
7092957,0.7015166666666666,0.25899880952380955,0.03948452380952382
7095106,0.6408333333333334,0.33666666666666667,0.0225
7118353,0.77425,0.19825,0.0275
7187196,0.9985,0.0015,0.0
7171952,0.17476111111111112,0.737338888888889,0.0879
7109967,0.8478333333333332,0.13316666666666666,0.019
7121401,0.44908333333333333,0.3677500000000001,0.18316666666666664
7117926,0.08383333333333334,0.534,0.38216666666666665
7149587,0.9125,0.087,0.0005
7153700,0.9444250000000001,0.043575,0.012
7128436,0.4710892857142858,0.4436666666666667,0.08524404761904764
7156683,0.6487222222222222,0.12744166666666668,0.2238361111111111
7183547,0.991,0.0085,0.0005
7130682,0.5086166666666666,0.25771666666666665,0.23366666666666666
7191787,0.987,0.011,0.002
7201129,0.9645083333333332,0.03199166666666667,0.0035
7131018,0.8136666666666668,0.1668333333333333,0.0195
7191519,0.6242083333333333,0.3243333333333333,0.051458333333333335
7129888,0.9049321428571427,0.08590119047619046,0.009166666666666668
7119314,0.3537309523809524,0.15681666666666666,0.489452380952381
7173398,0.4168666666666666,0.5143833333333334,0.06875
7100690,0.18525833333333336,0.3135154761904763,0.5012261904761904
7111231,0.46,0.392,0.148
7173783,0.8682791666666667,0.0914136904761905,0.04030714285714285
7185543,0.8686666666666666,0.12908333333333333,0.00225
7190190,0.5542369047619048,0.41392976190476194,0.03183333333333333
7157963,0.46291666666666664,0.4613333333333334,0.07575
7158304,0.31889166666666663,0.204875,0.4762333333333334
7095639,0.645322619047619,0.3166773809523809,0.038
7130993,0.999,0.001,0.0
7117359,0.6257063492063492,0.29431349206349205,0.07998015873015872
7122494,0.98775,0.01225,0.0
7093292,0.6380559523809526,0.29648571428571424,0.06545833333333333
7214909,0.8094083333333334,0.16062499999999996,0.02996666666666667
7178939,0.6872333333333335,0.20246666666666663,0.1103
7209358,0.9838333333333332,0.014166666666666668,0.002
7232607,0.8659333333333333,0.08569166666666667,0.048375
7207044,0.9739166666666667,0.023083333333333334,0.003
7223765,0.8183333333333332,0.1508833333333333,0.030783333333333333
7103387,0.6807666666666667,0.20971666666666663,0.10951666666666668
7149774,0.98525,0.007541666666666667,0.007208333333333333
7105211,0.9616904761904762,0.03630952380952381,0.002
7183544,0.77125,0.13675,0.092
7233547,0.7236666666666667,0.21358333333333335,0.06275
7096046,0.91825,0.08075,0.001
7174305,0.5895642857142857,0.359402380952381,0.05103333333333335
7172833,0.6868083333333334,0.28760833333333335,0.025583333333333336
7109230,0.7557083333333334,0.2346249999999999,0.009666666666666665
7180549,0.713875,0.2031388888888889,0.08298611111111111
7096591,0.917,0.0735,0.0095
7110015,0.8360559523809523,0.13044404761904763,0.0335
7114048,0.6532,0.25538333333333335,0.09141666666666666
7111037,0.1055,0.7395,0.155
7218940,0.944525,0.047975000000000004,0.0075
7151360,0.2090904761904762,0.30640952380952363,0.4845
7127611,0.63675,0.339625,0.023625
7157286,0.64075,0.316,0.04325
7155237,0.69545,0.20135833333333336,0.10319166666666667
7152325,0.2751666666666666,0.22475000000000003,0.5000833333333333
7133809,0.4040666666666667,0.16151666666666664,0.4344166666666666
7151723,0.8730416666666667,0.08783333333333333,0.039125
7139628,0.8482083333333332,0.135125,0.016666666666666666
7116008,0.7515749999999999,0.188925,0.0595
7139222,0.40344166666666664,0.41734999999999994,0.1792083333333333
7118151,0.8172083333333334,0.12429166666666668,0.0585
7211749,0.5927940476190474,0.34662499999999996,0.06058095238095239
7216084,0.969,0.028,0.003
7167944,0.3767916666666667,0.5062333333333334,0.11697500000000004
7204462,0.28042619047619055,0.28151309523809526,0.4380607142857144
7170651,0.2628107142857143,0.7337309523809524,0.0034583333333333337
7166110,0.721875,0.220875,0.05725
7215024,0.96525,0.02825,0.0065
7092587,0.30756666666666665,0.6426000000000001,0.049833333333333334
7228780,0.6616000000000001,0.19798333333333332,0.1404166666666667
7113165,0.5849309523809525,0.3796107142857143,0.035458333333333335
7185875,0.3238912337662336,0.6627129329004321,0.013395833333333333
7207091,0.4935,0.46003571428571427,0.046464285714285715
7154391,0.7225297619047618,0.23251190476190475,0.044958333333333336
7134369,0.3885190476190477,0.49281428571428565,0.11866666666666666
7114144,0.8085,0.1455,0.046
7225788,0.8475,0.11941666666666667,0.033083333333333326
7174343,0.15082519841269842,0.41423611111111097,0.4349386904761906
7184376,0.5905333333333334,0.3958,0.013666666666666666
7099086,0.7850083333333334,0.20449166666666668,0.0105
7206516,0.8387083333333334,0.1335416666666667,0.02775
7109865,0.999,0.001,0.0
7221603,0.7656785714285714,0.1930714285714286,0.04125
7102769,0.6836642857142856,0.27808571428571427,0.03825
7136804,0.8986333333333335,0.09753333333333335,0.003833333333333333
7133432,0.372625,0.4292916666666667,0.19808333333333333
7211670,0.47835833333333333,0.33644166666666675,0.1852000000000001
7193044,0.34189285714285716,0.35277380952380955,0.3053333333333333
7179722,0.999,0.001,0.0
7098040,0.4170698412698412,0.48716349206349213,0.09576666666666668
7228235,0.6088380952380952,0.31910535714285715,0.07205654761904762
7168531,0.9259083333333333,0.06675833333333334,0.007333333333333334
7092471,0.968325,0.026675,0.005
7151021,0.8414583333333334,0.1555416666666667,0.003
7117279,0.9645,0.0295,0.006
7231987,0.5702095238095239,0.3216154761904762,0.108175
7152057,0.781875,0.1766666666666667,0.04145833333333333
7169603,0.967125,0.024041666666666663,0.008833333333333334
7190178,0.88475,0.10125,0.014
7098492,0.48723333333333346,0.24581666666666668,0.26694999999999997
7151657,0.993,0.007,0.0
7202087,0.2435,0.4519071428571428,0.30459285714285717
7172144,0.4522547619047619,0.37619563492063496,0.17154960317460308
7151264,0.34883333333333333,0.4045214285714285,0.24664523809523808
7167649,0.5821083333333334,0.39884166666666665,0.01905
7125098,0.9406666666666667,0.05583333333333334,0.0035
7192968,0.5384833333333332,0.2548065476190476,0.20671011904761902
7167064,0.7735,0.145125,0.081375
7208386,0.6214333333333332,0.274225,0.10434166666666665
7140549,0.2565900793650793,0.4008224206349207,0.34258750000000004
7232611,0.5305916666666667,0.31957500000000005,0.14983333333333332
7231989,0.8861666666666667,0.10508333333333333,0.00875
7131237,0.21385952380952386,0.7394142857142855,0.04672619047619048
7123477,0.7431166666666666,0.21088333333333334,0.046
7139138,0.856625,0.0896,0.053774999999999996
7100724,0.9873,0.0127,0.0
7114596,0.8961,0.10110000000000001,0.0028
7143360,0.9339333333333334,0.062066666666666666,0.004
7131232,0.31162658730158727,0.47409007936507935,0.2142833333333333
7135694,0.6385833333333333,0.2796666666666667,0.08175
7156849,0.41308333333333336,0.3845833333333334,0.2023333333333333
7134868,0.5488000000000001,0.42669999999999997,0.0245
7204699,0.47525297619047563,0.30541369047619044,0.21933333333333332
7159026,0.6022833333333334,0.28314999999999996,0.11456666666666666
7210613,0.4399255952380953,0.491032738095238,0.06904166666666665
7178322,0.8246416666666665,0.14298928571428574,0.032369047619047624
7092546,0.45098809523809524,0.348297619047619,0.20071428571428573
7175776,0.6785749999999999,0.31792499999999996,0.0035
7198568,0.5967416666666667,0.19097500000000006,0.21228333333333335
7205032,0.996,0.004,0.0
7191829,0.7986339285714285,0.16154166666666667,0.03982440476190476
7090354,0.857427380952381,0.12223928571428572,0.020333333333333335
7103754,0.5709166666666666,0.2546333333333333,0.17445
7210833,0.6671452380952382,0.28751666666666664,0.04533809523809523
7119486,0.23975833333333332,0.7477416666666665,0.0125
7313611,0.954,0.042,0.004
7192079,0.8356875,0.1193125,0.045
7174050,0.8839714285714287,0.11002857142857145,0.006
7158408,0.89325,0.09366666666666668,0.013083333333333334
7162815,0.3420178571428571,0.36385714285714293,0.294125
7128366,0.14575000000000002,0.3995666666666668,0.45468333333333333
7233175,0.6415767857142857,0.31274404761904767,0.045679166666666667
7095885,0.6992583333333333,0.2522416666666667,0.0485
7098256,0.8897333333333333,0.10876666666666668,0.0015
7198026,0.6245833333333333,0.23145833333333335,0.14395833333333333
7179395,0.681722619047619,0.28023571428571425,0.03804166666666666
7126687,0.836775,0.135975,0.02725
7186570,0.880875,0.118625,0.0005
7174616,0.29549166666666665,0.47375833333333334,0.23075
7190918,0.6240238095238096,0.29147619047619056,0.0845
7174630,0.8793583333333334,0.09074166666666668,0.0299
7099714,0.7137083333333334,0.23679166666666665,0.0495
7210257,0.6975333333333333,0.18213333333333334,0.12033333333333333
7218237,0.9145261904761904,0.07780714285714287,0.007666666666666666
7194008,0.5618333333333334,0.32425,0.11391666666666667
7145715,0.8207916666666667,0.12670833333333334,0.0525
7161245,0.7346208333333333,0.26017083333333335,0.005208333333333333
7232193,0.7161666666666668,0.21022474747474745,0.07360858585858587
7157880,0.5079583333333333,0.485125,0.006916666666666667
7234325,0.998,0.002,0.0
7105040,0.7827309523809527,0.18418571428571429,0.033083333333333326
7123444,0.6269333333333331,0.34561666666666674,0.027449999999999995
7098616,0.930420238095238,0.06307976190476192,0.0065
7111962,0.7446666666666666,0.2122,0.043133333333333336
7206817,0.8642500000000001,0.13125,0.0045
7140556,0.4862541666666667,0.30382678571428573,0.20991904761904762
7214145,0.9316666666666666,0.06583333333333334,0.0025
7215333,0.9234833333333334,0.07085,0.005666666666666666
7130379,0.5764916666666666,0.4079083333333333,0.0156
7215033,0.8996666666666667,0.09658333333333334,0.00375
7200611,0.6235333333333332,0.33796666666666664,0.0385
7159658,0.384625,0.431575,0.18380000000000002
7109857,0.964,0.0325,0.0035
7187765,0.962,0.037,0.001
7197884,0.8429833333333333,0.12476666666666666,0.03225
7141108,0.6065,0.11170000000000001,0.28180000000000005
7221313,0.27931666666666655,0.6988083333333333,0.021875
7160195,0.8528333333333333,0.13266666666666668,0.0145
7135503,0.9725,0.0255,0.002
7184754,0.43777499999999997,0.5188083333333334,0.043416666666666666
7181796,0.6183190476190477,0.36230595238095253,0.019374999999999996
7204408,0.4017688492063496,0.5742144841269837,0.02401666666666667
7125047,0.84575,0.14325,0.011
7170001,0.13652380952380952,0.8394761904761905,0.024
7222789,0.926,0.06525,0.00875
7119555,0.3433571428571429,0.5249416666666666,0.13170119047619044
7103893,0.963,0.028,0.009
7231878,0.7663583333333333,0.22351666666666672,0.010125
7194073,0.5446773809523809,0.4426559523809524,0.012666666666666668
7156654,0.5412749999999998,0.39841439393939404,0.06031060606060607
7181249,0.9855416666666666,0.014458333333333333,0.0
7155816,0.896875,0.07901666666666667,0.024108333333333332
7140001,0.7874166666666668,0.06958333333333334,0.143
7167234,0.396875,0.4032083333333333,0.1999166666666667
7102496,0.7919749999999999,0.18352499999999997,0.0245
7232981,0.1453928932178932,0.7605637265512265,0.09404338023088023
7216485,0.8952083333333334,0.096625,0.008166666666666668
7224065,0.8005833333333334,0.19341666666666665,0.006
7172720,0.7553666666666666,0.14463333333333334,0.1
7119328,0.6458666666666667,0.19123333333333334,0.16290000000000002
7166323,0.8896226190476189,0.08287738095238097,0.0275
7095312,0.6277166666666667,0.3250666666666666,0.04721666666666667
7126464,0.4780833333333333,0.4593333333333333,0.06258333333333334
7156313,0.86575,0.1005,0.03375
7142691,0.5470236360861356,0.42922636391386465,0.02375
7180405,0.7505416666666668,0.21937499999999996,0.030083333333333333
7201309,0.814325,0.11242500000000001,0.07325
7229233,0.492375,0.507125,0.0005
7128242,0.8405416666666665,0.13779166666666667,0.021666666666666664
7206764,0.7661666666666667,0.22683333333333333,0.007
7125953,0.6987708333333332,0.15972916666666664,0.1415
7193756,0.7355,0.2235,0.041
7110807,0.31431666666666674,0.5216166666666665,0.16406666666666667
7123025,0.9739166666666668,0.025083333333333336,0.001
7229043,0.9175,0.072,0.0105
7144529,0.44095,0.098725,0.460325
7089925,0.7261607142857143,0.24469404761904762,0.0291452380952381
7142909,0.9007000000000001,0.0933,0.006
7200320,0.752836507936508,0.22098849206349203,0.026175
7216427,0.48410833333333336,0.49904166666666666,0.01685
7192680,0.7379404761904762,0.2005595238095238,0.0615
7130341,0.19373333333333334,0.4781678571428572,0.32809880952380954
7214209,0.6575,0.3175,0.025
7207776,0.7298833333333333,0.08735,0.18276666666666666
7185816,0.5883749999999999,0.38512499999999994,0.0265
7172271,0.7216535353535354,0.27834646464646406,0.0
7165343,0.8558625,0.1221375,0.022
7212934,0.5685416666666667,0.36395833333333333,0.0675
7152751,0.4485,0.4096666666666666,0.1418333333333333
7089177,0.5135101190476189,0.3774065476190476,0.10908333333333332
7135107,0.5137488095238095,0.3523666666666666,0.13388452380952381
7092850,0.6613000000000001,0.32120000000000004,0.0175
7158555,0.2938,0.36887976190476196,0.33732023809523815
7234183,0.9965,0.0035,0.0
7118286,0.8546,0.12090000000000001,0.0245
7119152,0.9131714285714287,0.07395357142857144,0.012875
7223584,0.5108333333333334,0.3096083333333334,0.17955833333333335
7123957,0.7932321428571428,0.13276785714285713,0.074
7223702,0.9725,0.0275,0.0
7108026,0.8398333333333332,0.15504166666666666,0.005125
7165605,0.155625,0.1652095238095238,0.6791654761904763
7227039,0.13678452380952386,0.8235904761904761,0.039625
7157195,0.555,0.344,0.101
7104579,0.7548333333333334,0.21066666666666667,0.0345
7119805,0.7094595238095238,0.2458440476190476,0.04469642857142857
7142014,0.17193690476190476,0.1073309523809524,0.7207321428571429
7174412,0.9715,0.0145,0.014
7205037,0.9505,0.0285,0.021
7096604,0.7236666666666668,0.25695833333333334,0.019375
7214758,0.9023333333333332,0.06586666666666667,0.0318
7135785,0.7522833333333333,0.127475,0.12024166666666666
7210042,0.9335380952380952,0.061461904761904766,0.005
7150868,0.35652500000000004,0.26523333333333327,0.3782416666666667
7115004,0.5900654761904761,0.3172678571428571,0.09266666666666666
7208850,0.991,0.0065,0.0025
7122006,0.272,0.5513821428571428,0.1766178571428571
7218334,0.8634916666666668,0.12750833333333336,0.009
7164673,0.388825,0.47594166666666665,0.13523333333333334
7098334,0.6219,0.32164166666666666,0.05645833333333333
7116799,0.6827916666666666,0.2610833333333334,0.056125
7158050,0.4487416666666667,0.4415916666666666,0.10966666666666668
7113260,0.2936547619047619,0.48817380952380945,0.21817142857142854
7169293,0.6861166666666667,0.2815083333333333,0.032375
7219356,0.23505000000000004,0.2639083333333333,0.5010416666666667
7103883,0.962875,0.035625,0.0015
7162849,0.5984041666666668,0.3476375,0.05395833333333333
7220960,0.55275,0.31404166666666666,0.13320833333333332
7218150,0.9148333333333332,0.08266666666666667,0.0025
7169062,0.8623333333333334,0.13316666666666668,0.0045
7132833,0.5208416666666666,0.34809166666666663,0.13106666666666666
7153312,0.7281666666666666,0.20233333333333334,0.0695
7102582,0.7715833333333333,0.18416666666666665,0.04425
7128031,0.27445833333333336,0.30890833333333334,0.41663333333333324
7226979,0.7925833333333334,0.17258333333333334,0.03483333333333333
7174830,0.94875,0.04875,0.0025
7095500,0.37198333333333333,0.17758333333333332,0.45043333333333335
7203788,0.9035,0.06416666666666668,0.03233333333333333
7195129,0.805375,0.16679166666666664,0.027833333333333335
7096676,0.8910833333333332,0.08591666666666667,0.023
7139189,0.968,0.032,0.0
7156036,0.27424166666666666,0.5419541666666664,0.1838041666666667
7201766,0.18815833333333334,0.28609166666666663,0.52575
7127461,0.42264999999999997,0.41432500000000005,0.16302499999999998
7176092,0.45942500000000003,0.15533333333333332,0.38524166666666665
7093983,0.652,0.271125,0.076875
7219250,0.637625,0.287375,0.075
7216197,0.03795833333333333,0.9055809523809527,0.056460714285714274
7175523,0.2701678571428571,0.13230238095238095,0.5975297619047619
7096041,0.9803333333333333,0.01966666666666667,0.0
7106333,0.948675,0.049824999999999994,0.0015
7135564,0.5300708333333334,0.31029583333333327,0.15963333333333335
7230191,0.7900833333333332,0.19425,0.015666666666666666
7094318,0.3844333333333333,0.19607500000000005,0.4194916666666667
7157145,0.7413472222222224,0.24855277777777782,0.0101
7141347,0.9311666666666666,0.05783333333333333,0.011
7197253,0.176,0.2649809523809524,0.5590190476190475
7151861,0.998,0.002,0.0
7128268,0.983,0.016,0.001
7180937,0.7038833333333334,0.2092416666666667,0.086875
7097170,0.9385,0.058,0.0035
7205053,0.8,0.1945,0.0055
7223074,0.3236722222222222,0.47423849206349206,0.2020892857142857
7127700,0.879675,0.110825,0.0095
7184877,0.8575,0.1395,0.003
7156129,0.7368797619047618,0.2216202380952381,0.0415
7233730,0.8825833333333333,0.09641666666666668,0.021
7153783,0.7645,0.12785,0.10765000000000001
7113299,0.9166666666666666,0.07533333333333335,0.008
7098374,0.5539468253968254,0.38522817460317466,0.060825000000000004
7225647,0.8762083333333334,0.08779166666666667,0.036
7111117,0.8920333333333335,0.08896666666666667,0.019
7138147,0.852825,0.14217500000000002,0.005
7120784,0.31122500000000003,0.5061083333333334,0.18266666666666664
7186670,0.5456666666666667,0.394925,0.05940833333333334
7145739,0.974125,0.025375,0.0005
7090058,0.8315499999999999,0.16036666666666669,0.008083333333333333
7110436,0.6340261904761905,0.3274738095238096,0.0385
7232756,0.9605,0.0395,0.0
7111709,0.6034946428571428,0.29825535714285717,0.09825
7107311,0.9,0.1,0.0
7210450,0.3686920634920635,0.3806714285714285,0.2506365079365079
7127661,0.737625,0.2335,0.028875
7096383,0.23844166666666664,0.423325,0.33823333333333333
7137831,0.8295,0.074,0.0965
7160032,0.42019047619047617,0.33506785714285714,0.2447416666666667
7128113,0.60455,0.36945,0.026
7197701,0.8155428571428571,0.14869880952380957,0.03575833333333333
7140888,0.7869226190476191,0.20866071428571428,0.004416666666666666
7098130,0.5407833333333332,0.4146250000000001,0.04459166666666667
7158260,0.8519916666666667,0.08850833333333333,0.0595
7112812,0.14470833333333333,0.7064601190476192,0.14883154761904765
7179231,0.30442499999999995,0.4244083333333333,0.27116666666666667
7123293,0.18185,0.6866500000000001,0.1315
7127939,0.7345714285714285,0.21833690476190473,0.04709166666666667
7210843,0.7773279761904762,0.1958803571428571,0.026791666666666665
7119906,0.7274011904761902,0.18137380952380958,0.091225
7157868,0.983375,0.015125,0.0015
7160993,0.8293333333333334,0.095,0.07566666666666666
7198449,0.6412,0.3538,0.005
7194749,0.5275940476190476,0.29985,0.17255595238095237
7164909,0.7487083333333334,0.20801666666666666,0.043275
7155991,0.5680666666666667,0.4046833333333333,0.02725
7219535,0.8294297619047619,0.1480702380952381,0.0225
7127883,0.9095166666666666,0.08498333333333331,0.0055
7192641,0.40997500000000003,0.3515583333333333,0.23846666666666666
7222187,0.5378333333333333,0.38999999999999996,0.07216666666666666
7129565,0.7329166666666667,0.17958333333333334,0.0875
7143475,0.08959166666666668,0.8916944444444445,0.018713888888888888
7121904,0.30994444444444447,0.4698916666666667,0.22016388888888888
7124968,0.4328083333333333,0.5083166666666666,0.058875
7103194,0.847,0.12608333333333333,0.026916666666666665
7197397,0.9172833333333333,0.08121666666666669,0.0015
7181741,0.4239833333333333,0.46447261904761905,0.11154404761904763
7139959,0.4885011904761906,0.41889999999999994,0.09259880952380954
7179519,0.2055571428571429,0.2857761904761905,0.5086666666666667
7187941,0.7489166666666668,0.21508333333333332,0.036
7142188,0.21113333333333334,0.17146726190476183,0.6173994047619045
7224310,0.7955,0.2,0.0045
7142856,0.4744970238095239,0.4713779761904761,0.054125
7090831,0.935,0.052,0.013
7152437,0.91555,0.06445000000000001,0.02
7130584,0.5898833333333333,0.3254833333333333,0.08463333333333332
7162590,0.929825,0.06767499999999999,0.0025
7210173,0.8151916666666666,0.17261666666666667,0.012191666666666667
7173461,0.27770833333333333,0.4363380952380952,0.2859535714285714
7201402,0.5169583333333334,0.381925,0.10111666666666667
7156675,0.158,0.5312791125541116,0.3107208874458877
7105849,0.44903333333333334,0.3387166666666667,0.21225000000000002
7190940,0.8923261904761906,0.10367380952380953,0.004
7176492,0.7082499999999999,0.20576666666666665,0.08598333333333331
7109146,0.68925,0.277,0.03375
7135096,0.7553226190476189,0.20717738095238095,0.0375
7145341,0.7772416666666667,0.18980833333333336,0.03295
7170053,0.24839166666666668,0.45760833333333334,0.294
7222037,0.16827500000000004,0.20734999999999998,0.624375
7200576,0.4101136904761906,0.32928630952380944,0.2606
7219311,0.5138232142857143,0.25797261904761903,0.22820416666666676
7088683,0.8368321428571429,0.13360119047619048,0.029566666666666665
7197130,0.8523333333333334,0.094,0.05366666666666666
7198553,0.870547619047619,0.10395238095238095,0.0255
7092108,0.821125,0.132625,0.04625
7233635,0.2721666666666666,0.5086916666666668,0.2191416666666667
7162208,0.6828083333333334,0.30735833333333334,0.009833333333333333
7113584,0.7802000000000001,0.18815833333333337,0.031641666666666665
7088920,0.47168333333333334,0.30744999999999995,0.22086666666666668
7212619,0.8496166666666668,0.12600833333333333,0.024375
7108297,0.8589166666666667,0.1315833333333333,0.0095
7212382,0.70425,0.25825,0.0375
7228960,0.927,0.0595,0.0135
7223136,0.9675,0.032,0.0005
7140835,0.8916666666666667,0.086125,0.022208333333333337
7161726,0.46875,0.401375,0.129875
7193196,0.8691825396825397,0.09519246031746031,0.035625
7131021,0.9019000000000001,0.09709999999999999,0.001
7136116,0.9020416666666667,0.07245833333333333,0.0255
7199243,0.8905,0.094,0.0155
7107410,0.3570833333333333,0.5388226190476189,0.10409404761904761
7111408,0.8711166666666667,0.08246666666666667,0.04641666666666666
7143442,0.5811142857142857,0.29746071428571424,0.12142499999999999
7201307,0.8783500000000001,0.08015,0.0415
7163518,0.24849404761904761,0.3267333333333334,0.424772619047619
7210133,0.6331071428571429,0.34355952380952387,0.02333333333333333
7155655,0.8709107142857143,0.1035892857142857,0.0255
7140488,0.6895583333333334,0.27681666666666666,0.033625
7133293,0.8364999999999999,0.15163333333333331,0.011866666666666668
7126808,0.9115,0.08310000000000001,0.0054
7227507,0.8794749999999999,0.10498333333333332,0.015541666666666665
7159592,0.8875160714285716,0.10748392857142858,0.005
7180725,0.7229,0.2297,0.0474
7150854,0.9985,0.0015,0.0
7137335,0.88075,0.07075,0.0485
7158425,0.68375,0.24325,0.073
7213225,0.5775309523809523,0.3285634920634921,0.09390555555555556
7148260,0.9955,0.004,0.0005
7111858,0.75375,0.22591666666666665,0.02033333333333333
7171126,0.7928416666666666,0.20155833333333334,0.0056
7189468,0.9353833333333332,0.048116666666666676,0.0165
7192340,0.8318154761904762,0.1526845238095238,0.0155
7164476,0.21516666666666667,0.7241249999999999,0.060708333333333336
7510953,0.8700833333333332,0.11991666666666666,0.01
7233576,0.506680235042735,0.45454595543345544,0.03877380952380952
7181820,0.85465,0.13535,0.01
7152810,0.9735,0.0265,0.0
7201962,0.9766333333333334,0.023366666666666664,0.0
7139487,0.3878333333333333,0.48608809523809515,0.12607857142857146
7227862,0.6807666666666666,0.2705666666666667,0.048666666666666664
7207553,0.6714583333333334,0.29370833333333324,0.03483333333333333
7161665,0.4647916666666666,0.4959583333333334,0.03925
7145839,0.9945,0.005,0.0005
7111740,0.9168333333333334,0.08016666666666666,0.003
7218313,0.6152833333333334,0.36671666666666675,0.018
7210476,0.5736214285714284,0.32812857142857144,0.09825
7215652,0.9428333333333333,0.05566666666666667,0.0015
7139122,0.6495,0.346,0.0045
7105843,0.49072500000000013,0.43979166666666664,0.06948333333333336
7202962,0.6524583333333333,0.288875,0.058666666666666666
7125601,0.9875,0.0125,0.0
7177976,0.9283333333333332,0.05266666666666667,0.019
7160458,0.8715916666666667,0.10586666666666666,0.022541666666666668
7101930,0.6283071428571428,0.3586095238095239,0.013083333333333336
7162776,0.40660833333333335,0.5288416666666667,0.06455
7201534,0.21126944444444448,0.6917722222222223,0.09695833333333334
7134791,0.34645000000000004,0.42591666666666667,0.22763333333333333
7187911,0.9527333333333334,0.0276,0.019666666666666666
7179474,0.1670833333333333,0.2516666666666667,0.58125
7211709,0.333675,0.35157499999999997,0.31475000000000003
7091376,0.8043333333333332,0.18566666666666667,0.01
7220819,0.14908333333333335,0.1560333333333333,0.6948833333333333
7097222,0.7327499999999999,0.15816666666666668,0.10908333333333332
7214485,0.8990666666666667,0.09943333333333332,0.0015
7191186,0.9335,0.0605,0.006
7113981,0.8715,0.105,0.0235
7100790,0.991,0.002,0.007
7147743,0.9955,0.0045,0.0
7092755,0.5045250000000001,0.3736833333333332,0.12179166666666665
7113999,0.9720666666666666,0.023433333333333334,0.0045
7119360,0.7205,0.2395,0.04
7088049,0.9591375000000002,0.04036249999999999,0.0005
7144447,0.16070833333333334,0.21329166666666668,0.626
7123686,0.7770583333333333,0.13494166666666668,0.088
7178148,0.6810375000000001,0.28329583333333336,0.035666666666666666
7100482,0.7485619047619048,0.2087297619047619,0.042708333333333334
7131572,0.19520238095238102,0.36300595238095257,0.4417916666666667
7181965,0.5713892857142857,0.32902738095238093,0.09958333333333334
7110028,0.527572619047619,0.37352499999999994,0.09890238095238095
7107440,0.22013928571428576,0.7701773809523806,0.009683333333333334
7124764,0.9116428571428572,0.08485714285714287,0.0035
7152838,0.9935,0.006,0.0005
7146250,0.1441940476190476,0.20133928571428575,0.6544666666666669
7198218,0.5668833333333333,0.37425,0.058866666666666664
7136542,0.4559853174603175,0.2939813492063493,0.25003333333333333
7204694,0.7683000000000001,0.21519999999999995,0.0165
7230370,0.853625,0.135875,0.0105
7207615,0.7722440476190476,0.18675595238095238,0.041
7170804,0.6958166666666666,0.26281666666666664,0.04136666666666667
7100338,0.5267178571428571,0.4079654761904762,0.06531666666666666
7102612,0.7298,0.22521666666666665,0.044983333333333334
7136327,0.428752380952381,0.42824761904761904,0.143
7226629,0.7751321428571428,0.2181178571428571,0.00675
7154141,0.80805,0.08249166666666666,0.10945833333333332
7119278,0.9559500000000001,0.040049999999999995,0.004
7172516,0.9426428571428572,0.055857142857142855,0.0015
7173854,0.7047083333333334,0.23424166666666665,0.06105
7113913,0.8064583333333333,0.17170833333333332,0.021833333333333333
7214948,0.8390833333333333,0.09541666666666666,0.0655
7167244,0.2933242063492064,0.6538246031746029,0.05285119047619046
7212552,0.8795,0.1055,0.015
7169247,0.7133357142857143,0.24816428571428573,0.0385
7164608,0.6772083333333333,0.10762500000000001,0.21516666666666667
7104037,0.8974416666666668,0.10155833333333333,0.001
7161305,0.649347619047619,0.21744404761904762,0.13320833333333335
7233719,0.791,0.197,0.012
7197388,0.5129523809523807,0.3916583333333334,0.09538928571428572
7109575,0.40889960317460294,0.44095039682539716,0.15015000000000003
7204398,0.7667083333333333,0.21537500000000004,0.017916666666666664
7218631,0.6041166666666665,0.24071666666666666,0.15516666666666665
7130018,0.7315,0.143,0.1255
7123544,0.8020499999999999,0.18744999999999998,0.0105
7159778,0.8222916666666666,0.1350416666666667,0.04266666666666667
7212037,0.817125,0.155,0.027875
7141155,0.999,0.001,0.0
7131753,0.8729999999999999,0.126,0.001
7172478,0.745375,0.231125,0.0235
7119936,0.8918083333333334,0.093275,0.014916666666666665
7178319,0.94725,0.04425,0.0085
7210976,0.874,0.0565,0.0695
7088694,0.21966666666666668,0.5387583333333335,0.24157500000000004
7126674,0.8525833333333334,0.12616666666666665,0.02125
7225095,0.0875,0.867025,0.045475
7177379,0.43144880952380954,0.5180011904761904,0.050550000000000005
7167344,0.825375,0.173625,0.001
7092487,0.24145833333333333,0.34057023809523806,0.41797142857142877
7207338,0.93685,0.05015000000000001,0.013
7200580,0.5395416666666666,0.334075,0.12638333333333332
7101757,0.84075,0.10475,0.0545
7106534,0.9285,0.0575,0.014
7140877,0.6236904761904764,0.3331357142857143,0.04317380952380952
7088400,0.8835388888888889,0.10746111111111112,0.009
7208826,0.5216017857142857,0.282314880952381,0.1960833333333333
7124298,0.2468083333333333,0.42994166666666667,0.32325
7197164,0.4052,0.405875,0.188925
7188447,0.8743333333333334,0.1221,0.0035666666666666663
7193170,0.998,0.002,0.0
7232150,0.13037619047619045,0.3909075396825396,0.47871626984126986
7206931,0.7261607142857143,0.24469404761904762,0.0291452380952381
7163701,0.7230833333333334,0.21004166666666665,0.066875
7230747,0.9896666666666666,0.010333333333333332,0.0
7123636,0.9461250000000001,0.048875,0.005
7100167,0.088375,0.24325,0.668375
7095483,0.367,0.1625,0.4705
7212292,0.933,0.0415,0.0255
7161423,0.4137416666666667,0.3770916666666667,0.2091666666666667
7094323,0.7443000000000001,0.20090833333333333,0.05479166666666667
7134126,0.5450041666666667,0.37172916666666667,0.08326666666666666
7135730,0.9895,0.0095,0.001
7114056,0.06608333333333333,0.17491666666666666,0.7589999999999999
7162122,0.7911071428571429,0.09014285714285714,0.11875
7226116,0.7284583333333332,0.20904166666666668,0.0625
7225528,0.7858333333333334,0.131625,0.08254166666666667
7198381,0.8325416666666666,0.14220833333333333,0.02525
7165862,0.9125,0.0845,0.003
7226721,0.8315,0.1565,0.012
7119665,0.637,0.359,0.004
7092959,0.13022261904761903,0.8261940476190477,0.04358333333333333
7233370,0.7586916666666668,0.18740833333333332,0.0539
7198643,0.6167083333333333,0.2726666666666666,0.110625
7151311,0.92,0.078,0.002
7228932,0.7500833333333332,0.22400000000000003,0.025916666666666668
7133618,0.982,0.018,0.0
7155042,0.8374333333333333,0.13956666666666667,0.023
7202228,0.512375,0.437625,0.05
7138573,0.9898333333333332,0.008666666666666666,0.0015
7108430,0.7840000000000001,0.13699999999999998,0.079
7231314,0.99875,0.00125,0.0
7124228,0.452125,0.413875,0.134
7174511,0.865,0.112,0.023
7185449,0.956,0.0425,0.0015
7213650,0.9116666666666666,0.08783333333333333,0.0005
7133941,0.7576666666666666,0.21958333333333332,0.02275
7187366,0.998,0.002,0.0
7224166,0.62875,0.315,0.05625
7169973,0.8198333333333333,0.16066666666666668,0.0195
7210489,0.5799404761904763,0.30602142857142856,0.11403809523809524
7161088,0.080125,0.41309166666666663,0.5067833333333333
7153934,0.7102416666666665,0.256525,0.03323333333333334
7131257,0.8990416666666666,0.10045833333333333,0.0005
7194859,0.5294166666666668,0.3980833333333333,0.0725
7113061,0.19358472222222214,0.5773662698412698,0.2290490079365079
7204259,0.87325,0.10525,0.0215
7222883,0.99075,0.00825,0.001
7102127,0.8198922619047618,0.1494410714285714,0.030666666666666665
7101779,0.9418333333333333,0.04766666666666666,0.0105
